C	M	F	I	L	V	W	Y	A	G	T	S	N	Q	D	E	H	R	K	P
-3.477	-2.24	-2.424	-2.41	-2.343	-2.258	-2.08	-1.892	-1.7	-1.101	-1.243	-1.306	-0.788	-0.835	-0.616	-0.179	-1.499	-0.771	-0.112	-1.196
0	-1.901	-2.304	-2.286	-2.208	-2.079	-2.09	-1.834	-1.517	-0.897	-0.999	-0.893	-0.658	-0.72	-0.409	-0.209	-1.252	-0.611	-0.146	-0.788
0	0	-2.467	-2.53	-2.491	-2.391	-2.286	-1.963	-1.75	-1.034	-1.237	-1.178	-0.79	-0.807	-0.482	-0.419	-1.33	-0.805	-0.27	-1.076
0	0	0	-2.691	-2.647	-2.568	-2.303	-1.998	-1.872	-0.885	-1.36	-1.037	-0.669	-0.778	-0.402	-0.439	-1.234	-0.854	-0.253	-0.991
0	0	0	0	-2.501	-2.447	-2.222	-1.919	-1.728	-0.767	-1.202	-0.959	-0.524	-0.729	-0.291	-0.366	-1.176	-0.758	-0.222	-0.771
0	0	0	0	0	-2.385	-2.097	-1.79	-1.731	-0.756	-1.24	-0.933	-0.673	-0.642	-0.298	-0.335	-1.118	-0.664	-0.2	-0.886
0	0	0	0	0	0	-1.867	-1.834	-1.565	-1.142	-1.077	-1.145	-0.884	-0.997	-0.613	-0.624	-1.383	-0.912	-0.391	-1.278
0	0	0	0	0	0	0	-1.335	-1.318	-0.818	-0.892	-0.859	-0.67	-0.687	-0.631	-0.453	-1.222	-0.745	-0.349	-1.067
0	0	0	0	0	0	0	0	-1.119	-0.29	-0.717	-0.607	-0.371	-0.323	-0.235	-0.039	-0.646	-0.327	0.196	-0.374
0	0	0	0	0	0	0	0	0	0.219	-0.311	-0.261	-0.23	0.033	-0.097	0.443	-0.325	-0.05	0.589	-0.042
0	0	0	0	0	0	0	0	0	0	-0.617	-0.548	-0.463	-0.342	-0.382	-0.192	-0.72	-0.247	0.155	-0.222
0	0	0	0	0	0	0	0	0	0	0	-0.519	-0.423	-0.26	-0.521	-0.161	-0.639	-0.264	0.223	-0.199
0	0	0	0	0	0	0	0	0	0	0	0	-0.367	-0.253	-0.344	0.16	-0.455	-0.114	0.271	-0.018
0	0	0	0	0	0	0	0	0	0	0	0	0	0.054	0.022	0.179	-0.29	-0.042	0.334	-0.035
0	0	0	0	0	0	0	0	0	0	0	0	0	0	0.179	0.634	-0.664	-0.584	-0.176	0.189
0	0	0	0	0	0	0	0	0	0	0	0	0	0	0	0.933	-0.324	-0.374	-0.057	0.257
0	0	0	0	0	0	0	0	0	0	0	0	0	0	0	0	-1.078	-0.307	0.388	-0.346
0	0	0	0	0	0	0	0	0	0	0	0	0	0	0	0	0	0.2	0.815	-0.023
0	0	0	0	0	0	0	0	0	0	0	0	0	0	0	0	0	0	1.339	0.661
0	0	0	0	0	0	0	0	0	0	0	0	0	0	0	0	0	0	0	0.129
